TRAINING:
	 Accuracy = 0.9804878048780488
	 IOU = 0.5993666468933312
TESTING:
	 Accuracy = 0.9444444444444444
	 IOU = 0.5691328279704143
